[gd_scene load_steps=6 format=2]

[ext_resource path="res://evironment/raw_assets/pentagramcircle/bloodpentagram.png" type="Texture" id=1]
[ext_resource path="res://evironment/raw_assets/pentagramcircle/body2/villagernohead2.glb" type="PackedScene" id=2]
[ext_resource path="res://evironment/raw_assets/pentagramcircle/body1/villagenohead.glb" type="PackedScene" id=3]

[sub_resource type="SpatialMaterial" id=1]
flags_transparent = true
albedo_texture = ExtResource( 1 )

[sub_resource type="PlaneMesh" id=2]

[node name="pentagramcircle" type="Spatial"]

[node name="villagenohead" parent="." instance=ExtResource( 3 )]
transform = Transform( 0.67154, 0, -0.740969, 0, 1, 0, 0.740969, 0, 0.67154, -1.43046, -0.000850737, 1.95808 )

[node name="villagenohead2" parent="." instance=ExtResource( 3 )]
transform = Transform( -0.284885, 0, 0.958562, 0, 1, 0, -0.958562, 0, -0.284885, 2.27412, -0.000850737, -0.656149 )

[node name="villagernohead2" parent="." instance=ExtResource( 2 )]
transform = Transform( 0.877515, 0, 0.47955, 0, 1, 0, -0.47955, 0, 0.877515, 1.25952, 2.38419e-07, 2.0679 )

[node name="villagernohead3" parent="." instance=ExtResource( 2 )]
transform = Transform( -0.992143, 0, 0.125108, 0, 1, 0, -0.125108, 0, -0.992143, -0.0255083, 2.38419e-07, -2.10264 )

[node name="villagernohead4" parent="." instance=ExtResource( 2 )]
transform = Transform( -0.462615, 0, -0.886559, 0, 1, 0, 0.886559, 0, -0.462615, -2.17851, 2.38419e-07, -0.687866 )

[node name="MeshInstance" type="MeshInstance" parent="."]
transform = Transform( 1.7447, 0, 0, 0, 1.7447, 0, 0, 0, 1.7447, 0, 0, 0 )
material_override = SubResource( 1 )
mesh = SubResource( 2 )
