[gd_scene load_steps=16 format=2]

[ext_resource path="res://characters/HitBox.tscn" type="PackedScene" id=1]
[ext_resource path="res://characters/enemies/raw_assets/birdmonster/birdmonster.glb" type="PackedScene" id=2]
[ext_resource path="res://characters/enemies/Monster.gd" type="Script" id=3]
[ext_resource path="res://characters/HealthManager.tscn" type="PackedScene" id=4]
[ext_resource path="res://characters/CharacterMover.tscn" type="PackedScene" id=5]
[ext_resource path="res://weapons/DamageArea.tscn" type="PackedScene" id=6]
[ext_resource path="res://characters/enemies/AimAtObject.gd" type="Script" id=7]

[sub_resource type="BoxShape" id=9]
extents = Vector3( 0.435742, 0.372964, 1 )

[sub_resource type="CapsuleShape" id=2]
height = 4.88

[sub_resource type="CapsuleShape" id=3]
height = 2.5573

[sub_resource type="CapsuleShape" id=4]
height = 2.5573

[sub_resource type="CapsuleShape" id=5]
height = 4.88

[sub_resource type="BoxShape" id=6]

[sub_resource type="BoxShape" id=7]

[sub_resource type="SphereShape" id=8]

[node name="KillFloor" type="KinematicBody"]
transform = Transform( 1, 0, 0, 0, 1, 0, 0, 0, 6.56341, 0, 0, 0 )
collision_layer = 2
collision_mask = 3
script = ExtResource( 3 )
attack_range = 5.0
attack_rate = 0.1
attack_anim_speed_mod = 0.1

[node name="CollisionShape" type="CollisionShape" parent="."]
transform = Transform( 282.973, 0, 0, 0, -4.37113e-08, 0.999999, 0, -63.5986, -2.77998e-06, 0, 0.999999, -4.37114e-08 )
shape = SubResource( 9 )

[node name="Graphics" parent="." instance=ExtResource( 2 )]
visible = false

[node name="ArmUL" type="BoneAttachment" parent="Graphics/Armature/Skeleton" index="1"]
transform = Transform( -0.762323, 0.647196, 8.20133e-07, -0.52914, -0.623267, 0.575803, 0.372658, 0.438947, 0.817589, 0.176714, 1.48577, -0.135291 )
bone_name = "upper_arml"

[node name="HitBox" parent="Graphics/Armature/Skeleton/ArmUL" instance=ExtResource( 1 )]

[node name="CollisionShape" type="CollisionShape" parent="Graphics/Armature/Skeleton/ArmUL/HitBox"]
transform = Transform( 0.084375, 3.72529e-09, -3.44589e-08, -9.31323e-10, 0, 0.0843749, -1.86265e-09, -0.084375, -1.86265e-09, 0, 0.0800001, 5.96046e-08 )
shape = SubResource( 2 )

[node name="ArmUR" type="BoneAttachment" parent="Graphics/Armature/Skeleton" index="2"]
transform = Transform( -0.762323, -0.647196, -8.04094e-07, 0.52914, -0.623267, 0.575803, -0.372658, 0.438947, 0.817589, -0.176714, 1.48577, -0.135291 )
bone_name = "upper_armr"

[node name="HitBox" parent="Graphics/Armature/Skeleton/ArmUR" instance=ExtResource( 1 )]

[node name="CollisionShape" type="CollisionShape" parent="Graphics/Armature/Skeleton/ArmUR/HitBox"]
transform = Transform( 0.084375, 3.72529e-09, -3.44589e-08, -9.31323e-10, 0, 0.0843749, -1.86265e-09, -0.084375, -1.86265e-09, 0, 0.0800001, 5.96046e-08 )
shape = SubResource( 2 )

[node name="ArmLR" type="BoneAttachment" parent="Graphics/Armature/Skeleton" index="3"]
transform = Transform( -0.998522, -0.0543442, -6.79123e-07, 0.0332622, -0.611173, 0.790798, -0.0429755, 0.78963, 0.612077, -0.456291, 1.21653, 0.0543261 )
bone_name = "lower_armr"

[node name="HitBox" parent="Graphics/Armature/Skeleton/ArmLR" instance=ExtResource( 1 )]

[node name="CollisionShape" type="CollisionShape" parent="Graphics/Armature/Skeleton/ArmLR/HitBox"]
transform = Transform( 0.0502824, -6.98492e-10, -3.72529e-09, 8.14907e-10, -1.86265e-09, 0.115168, -1.39698e-09, -0.0502825, 0, 2.98023e-07, 0.233368, 2.38419e-07 )
shape = SubResource( 3 )

[node name="CollisionShape2" type="CollisionShape" parent="Graphics/Armature/Skeleton/ArmLR/HitBox"]
transform = Transform( 0.0376133, 0.00204253, -0.0323042, 0.0152502, -0.00503772, 0.0796754, -4.65661e-09, -0.0402217, -0.0116197, -0.0830915, 0.653777, -0.0236007 )
shape = SubResource( 4 )

[node name="CollisionShape3" type="CollisionShape" parent="Graphics/Armature/Skeleton/ArmLR/HitBox"]
transform = Transform( 0.034736, -0.00196496, -0.044678, 0.0209774, 0.00484639, 0.0735447, 0.000830073, -0.0402491, 0.0110367, -0.124393, 0.66071, 0.138758 )
shape = SubResource( 4 )

[node name="CollisionShape4" type="CollisionShape" parent="Graphics/Armature/Skeleton/ArmLR/HitBox"]
transform = Transform( 0.034736, 0.00835697, -0.0411663, 0.0209773, -0.0123443, 0.0694254, 0.000830076, -0.0377507, -0.031815, -0.0753946, 0.591417, -0.160508 )
shape = SubResource( 4 )

[node name="ArmLL" type="BoneAttachment" parent="Graphics/Armature/Skeleton" index="4"]
transform = Transform( -0.998522, 0.0543442, 6.6465e-07, -0.0332621, -0.611173, 0.790798, 0.0429756, 0.78963, 0.612077, 0.456291, 1.21653, 0.054326 )
bone_name = "lower_arml"

[node name="HitBox" parent="Graphics/Armature/Skeleton/ArmLL" instance=ExtResource( 1 )]

[node name="CollisionShape" type="CollisionShape" parent="Graphics/Armature/Skeleton/ArmLL/HitBox"]
transform = Transform( 0.0502824, -6.98492e-10, -3.72529e-09, 8.14907e-10, -1.86265e-09, 0.115168, -1.39698e-09, -0.0502825, 0, 2.98023e-07, 0.233368, 2.38419e-07 )
shape = SubResource( 3 )

[node name="CollisionShape2" type="CollisionShape" parent="Graphics/Armature/Skeleton/ArmLL/HitBox"]
transform = Transform( 0.0356422, -0.00978835, 0.0358413, -0.0185384, -0.00674058, 0.0758215, -0.00576985, -0.0388084, -0.0222093, 0.0640321, 0.664485, -0.0101083 )
shape = SubResource( 4 )

[node name="CollisionShape3" type="CollisionShape" parent="Graphics/Armature/Skeleton/ArmLL/HitBox"]
transform = Transform( 0.0381647, -0.00508233, 0.0274537, -0.0125888, 0.00273263, 0.0822711, -0.00568426, -0.0401751, 0.00212292, 0.103646, 0.653071, 0.14478 )
shape = SubResource( 4 )

[node name="CollisionShape4" type="CollisionShape" parent="Graphics/Armature/Skeleton/ArmLL/HitBox"]
transform = Transform( 0.0381647, -0.0106454, 0.0188132, -0.0125888, -0.0161646, 0.0748918, -0.00568425, -0.0356751, -0.0395478, 0.0405838, 0.54651, -0.160158 )
shape = SubResource( 4 )

[node name="LegUL" type="BoneAttachment" parent="Graphics/Armature/Skeleton" index="5"]
transform = Transform( -0.782999, 0.14838, 0.604046, 0.0548854, -0.95086, 0.304714, 0.619573, 0.271751, 0.736382, 0.131876, 0.936301, 1.36788e-07 )
bone_name = "upperlegl"

[node name="HitBox" parent="Graphics/Armature/Skeleton/LegUL" instance=ExtResource( 1 )]

[node name="CollisionShape" type="CollisionShape" parent="Graphics/Armature/Skeleton/LegUL/HitBox"]
transform = Transform( 0.0808067, 0, 3.72529e-09, -2.79397e-09, -1.02445e-08, 0.0719067, 1.86265e-08, -0.0719068, -1.39698e-08, 0.0247416, 0.194341, 1.49012e-07 )
shape = SubResource( 5 )

[node name="LegUR" type="BoneAttachment" parent="Graphics/Armature/Skeleton" index="6"]
transform = Transform( -0.782998, -0.148381, -0.604045, -0.0548847, -0.950859, 0.304716, -0.619573, 0.271751, 0.736382, -0.131876, 0.936301, 1.36788e-07 )
bone_name = "upperlegr"

[node name="HitBox" parent="Graphics/Armature/Skeleton/LegUR" instance=ExtResource( 1 )]

[node name="CollisionShape" type="CollisionShape" parent="Graphics/Armature/Skeleton/LegUR/HitBox"]
transform = Transform( 0.0808067, 0, 3.72529e-09, -2.79397e-09, -1.02445e-08, 0.0719067, 1.86265e-08, -0.0719068, -1.39698e-08, 0.0247416, 0.194341, 1.49012e-07 )
shape = SubResource( 5 )

[node name="LegLL" type="BoneAttachment" parent="Graphics/Armature/Skeleton" index="7"]
transform = Transform( -0.786345, -0.178843, 0.591314, 0.0264683, -0.966051, -0.256987, 0.617196, -0.186426, 0.76439, 0.193832, 0.539271, 0.113469 )
bone_name = "lowerlegl"

[node name="HitBox" parent="Graphics/Armature/Skeleton/LegLL" instance=ExtResource( 1 )]

[node name="CollisionShape" type="CollisionShape" parent="Graphics/Armature/Skeleton/LegLL/HitBox"]
transform = Transform( 0.0808067, 0, 3.72529e-09, -2.79397e-09, -1.02445e-08, 0.0719067, 1.86265e-08, -0.0719068, -1.39698e-08, 0.0247416, 0.194341, 1.49012e-07 )
shape = SubResource( 5 )

[node name="LegLR" type="BoneAttachment" parent="Graphics/Armature/Skeleton" index="8"]
transform = Transform( -0.786344, 0.178841, -0.591314, -0.0264676, -0.966051, -0.256985, -0.617197, -0.186425, 0.76439, -0.193832, 0.539271, 0.11347 )
bone_name = "lowerlegr"

[node name="HitBox" parent="Graphics/Armature/Skeleton/LegLR" instance=ExtResource( 1 )]

[node name="CollisionShape" type="CollisionShape" parent="Graphics/Armature/Skeleton/LegLR/HitBox"]
transform = Transform( 0.0808067, 0, 3.72529e-09, -2.79397e-09, -1.02445e-08, 0.0719067, 1.86265e-08, -0.0719068, -1.39698e-08, 0.0247416, 0.194341, 1.49012e-07 )
shape = SubResource( 5 )

[node name="Hip" type="BoneAttachment" parent="Graphics/Armature/Skeleton" index="9"]
transform = Transform( 1, 0, 0, 0, 1, 0, 0, 0, 1, 0, 0.915201, 0 )
bone_name = "hip"

[node name="HitBox" parent="Graphics/Armature/Skeleton/Hip" instance=ExtResource( 1 )]

[node name="CollisionShape" type="CollisionShape" parent="Graphics/Armature/Skeleton/Hip/HitBox"]
transform = Transform( 0.185544, 0, 8.55383e-09, -6.41538e-09, -2.3523e-08, 0.165109, 4.27692e-08, -0.165109, -3.20769e-08, -0.00536944, 0.120871, 1.49012e-07 )
shape = SubResource( 6 )

[node name="Body" type="BoneAttachment" parent="Graphics/Armature/Skeleton" index="10"]
transform = Transform( 1, 0, 2.38418e-07, -8.6824e-08, 0.931334, 0.364166, -2.22047e-07, -0.364166, 0.931334, 0, 1.13977, 0 )
bone_name = "body"

[node name="HitBox" parent="Graphics/Armature/Skeleton/Body" instance=ExtResource( 1 )]

[node name="CollisionShape" type="CollisionShape" parent="Graphics/Armature/Skeleton/Body/HitBox"]
transform = Transform( 0.185544, 8.72551e-09, 1.16377e-08, -1.14072e-08, 0.0123186, 0.300648, 4.29054e-08, -0.20164, -0.0123187, -0.00536943, 0.360954, -0.0241933 )
shape = SubResource( 7 )

[node name="HitBox2" parent="Graphics/Armature/Skeleton/Body" instance=ExtResource( 1 )]
transform = Transform( 1, -3.55271e-15, -1.42109e-14, 0, 1, 0, 0, 0, 1, 0, 0, 0 )
weak_spot = true

[node name="CollisionShape" type="CollisionShape" parent="Graphics/Armature/Skeleton/Body/HitBox2"]
transform = Transform( 0.100111, 3.13002e-09, 4.75968e-09, -4.1102e-09, 0.00052723, 0.106444, 2.29784e-08, -0.102207, -0.000527279, -0.0053695, 0.478816, 0.260249 )
shape = SubResource( 8 )

[node name="HealthManager" parent="." instance=ExtResource( 4 )]
transform = Transform( 1, 0, 0, 0, 1, 0, 0, 0, 1, 0, 1.35543, 0 )
max_health = 30
gib_at = -3

[node name="CharacterMover" parent="." instance=ExtResource( 5 )]
move_accel = 2
max_speed = 15
ignore_rotation = true

[node name="AimAtObject" type="Spatial" parent="."]
transform = Transform( 1, 0, 0, 0, 1, 0, 0, 0, 1, 0, 1, 0.425278 )
script = ExtResource( 7 )

[node name="DamageArea" parent="AimAtObject" instance=ExtResource( 6 )]
transform = Transform( 0.5, 0, 0, 0, 0.5, 0, 0, 0, 0.5, 0, 0, 0.938607 )
damage = 100

[node name="CollisionShape" parent="AimAtObject/DamageArea" index="0"]
transform = Transform( 260.406, 0, 0, 0, 0.999999, 0, 0, 0, 47.658, 0, 0, 0 )

[editable path="Graphics"]
[editable path="AimAtObject/DamageArea"]
