[gd_scene load_steps=20 format=2]

[ext_resource path="res://characters/HitBox.tscn" type="PackedScene" id=1]
[ext_resource path="res://characters/enemies/raw_assets/ReptileMonster/reptilemonster.glb" type="PackedScene" id=2]
[ext_resource path="res://characters/enemies/Monster.gd" type="Script" id=3]
[ext_resource path="res://characters/HealthManager.tscn" type="PackedScene" id=4]
[ext_resource path="res://characters/CharacterMover.tscn" type="PackedScene" id=5]
[ext_resource path="res://weapons/FireballSpawner.tscn" type="PackedScene" id=6]
[ext_resource path="res://characters/enemies/AimAtObject.gd" type="Script" id=7]
[ext_resource path="res://SFX/death.wav" type="AudioStream" id=8]
[ext_resource path="res://SFX/gunmannoise.wav" type="AudioStream" id=9]
[ext_resource path="res://weapons/updatedweapons/shotgun.glb" type="PackedScene" id=10]
[ext_resource path="res://SFX/revolver_shot1.wav" type="AudioStream" id=11]

[sub_resource type="CapsuleShape" id=9]
height = 4.88

[sub_resource type="CapsuleShape" id=10]
height = 2.5573

[sub_resource type="CapsuleShape" id=11]
height = 2.5573

[sub_resource type="CapsuleShape" id=5]
height = 4.88

[sub_resource type="BoxShape" id=6]

[sub_resource type="BoxShape" id=7]

[sub_resource type="CapsuleShape" id=12]

[sub_resource type="CapsuleShape" id=1]
radius = 0.5

[node name="ReptileMonster" type="KinematicBody"]
collision_layer = 2
collision_mask = 3
script = ExtResource( 3 )
attack_range = 8.0
attack_rate = 1.0

[node name="Graphics" parent="." instance=ExtResource( 2 )]
transform = Transform( 1.17727, 0, 0, 0, 1.17727, 0, 0, 0, 1.17727, 0, 0, 0 )

[node name="Skeleton" parent="Graphics/Armature" index="0"]
bones/0/bound_children = [ NodePath("Hip") ]
bones/1/bound_children = [ NodePath("Body") ]
bones/2/bound_children = [ NodePath("ArmUL") ]
bones/3/bound_children = [ NodePath("ArmLL") ]
bones/4/bound_children = [ NodePath("ArmUR") ]
bones/5/bound_children = [ NodePath("ArmLR") ]
bones/6/bound_children = [ NodePath("LegUL") ]
bones/7/bound_children = [ NodePath("LegLL") ]
bones/8/bound_children = [ NodePath("LegUR") ]
bones/9/bound_children = [ NodePath("LegLR") ]

[node name="ArmUL" type="BoneAttachment" parent="Graphics/Armature/Skeleton" index="0"]
transform = Transform( -0.3672, 0.92901, -0.0458743, -0.929674, -0.365004, 0.0497888, 0.02951, 0.0609306, 0.997706, 0.249076, 1.6194, -0.0421267 )
bone_name = "upper_arml"

[node name="HitBox" parent="Graphics/Armature/Skeleton/ArmUL" instance=ExtResource( 1 )]

[node name="CollisionShape" type="CollisionShape" parent="Graphics/Armature/Skeleton/ArmUL/HitBox"]
transform = Transform( 0.0677665, -0.00610942, -0.00482847, 0.00400003, -0.00897901, 0.0675005, -0.00668123, -0.0673425, -0.00856203, 0.00333965, 0.1781, 0.0391297 )
shape = SubResource( 9 )

[node name="ArmLL" type="BoneAttachment" parent="Graphics/Armature/Skeleton" index="1"]
transform = Transform( -0.146536, 0.988964, 0.0218363, -0.988893, -0.1459, -0.0283471, -0.0248484, -0.0257476, 0.99936, 0.529114, 1.51679, -0.0227034 )
bone_name = "lower_arml"

[node name="HitBox" parent="Graphics/Armature/Skeleton/ArmLL" instance=ExtResource( 1 )]

[node name="CollisionShape" type="CollisionShape" parent="Graphics/Armature/Skeleton/ArmLL/HitBox"]
transform = Transform( 0.0612617, 1.86265e-08, -0.0194653, 0.00849858, -6.51926e-08, 0.140315, 1.02445e-08, -0.0618486, -1.78814e-07, -0.0123978, 0.223327, 1.78814e-07 )
shape = SubResource( 10 )

[node name="ArmUR" type="BoneAttachment" parent="Graphics/Armature/Skeleton" index="2"]
transform = Transform( -0.367201, -0.92901, 0.0458743, 0.929673, -0.365004, 0.0497888, -0.02951, 0.0609306, 0.997706, -0.249076, 1.6194, -0.0421267 )
bone_name = "upper_armr"

[node name="HitBox" parent="Graphics/Armature/Skeleton/ArmUR" instance=ExtResource( 1 )]

[node name="CollisionShape" type="CollisionShape" parent="Graphics/Armature/Skeleton/ArmUR/HitBox"]
transform = Transform( 0.0677665, -0.00610942, -0.00482847, 0.00400003, -0.00897901, 0.0675005, -0.00668123, -0.0673425, -0.00856203, 0.00333965, 0.1781, 0.0391297 )
shape = SubResource( 9 )

[node name="ArmLR" type="BoneAttachment" parent="Graphics/Armature/Skeleton" index="3"]
transform = Transform( -0.146536, -0.988964, -0.0218363, 0.988893, -0.1459, -0.0283471, 0.0248484, -0.0257476, 0.999359, -0.529114, 1.51679, -0.0227034 )
bone_name = "lower_armr"

[node name="HitBox" parent="Graphics/Armature/Skeleton/ArmLR" instance=ExtResource( 1 )]

[node name="CollisionShape" type="CollisionShape" parent="Graphics/Armature/Skeleton/ArmLR/HitBox"]
transform = Transform( 0.0578724, -3.25963e-09, -0.00773335, 0.00337635, -3.91155e-08, 0.132552, 1.02445e-08, -0.057971, -1.19209e-07, 0.0117731, 0.235059, -0.00050348 )
shape = SubResource( 11 )

[node name="shotgun" parent="Graphics/Armature/Skeleton/ArmLR" instance=ExtResource( 10 )]
transform = Transform( 0.0999032, 2.09548e-09, 1.015e-09, 9.24774e-09, 0.00192319, 0.0998846, -1.86265e-09, -0.0998846, 0.0019232, -4.76837e-07, 0.487734, -0.0555174 )

[node name="LegUL" type="BoneAttachment" parent="Graphics/Armature/Skeleton" index="4"]
transform = Transform( -0.9951, 0.0988771, 0.000377222, -0.0988776, -0.995083, -0.00581707, -0.00019981, -0.00582588, 0.999985, 0.101372, 0.961497, 1.56462e-07 )
bone_name = "upper_legl"

[node name="HitBox" parent="Graphics/Armature/Skeleton/LegUL" instance=ExtResource( 1 )]

[node name="CollisionShape" type="CollisionShape" parent="Graphics/Armature/Skeleton/LegUL/HitBox"]
transform = Transform( 0.0808067, 0, 3.72529e-09, -2.79397e-09, -1.02445e-08, 0.0719067, 1.86265e-08, -0.0719068, -1.39698e-08, 0.0247416, 0.194341, 1.49012e-07 )
shape = SubResource( 5 )

[node name="LegUR" type="BoneAttachment" parent="Graphics/Armature/Skeleton" index="5"]
transform = Transform( -0.9951, -0.0988771, -0.00037732, 0.0988776, -0.995083, -0.00581703, 0.000199709, -0.00582588, 0.999985, -0.101372, 0.961497, 1.56462e-07 )
bone_name = "upper_legr"

[node name="HitBox" parent="Graphics/Armature/Skeleton/LegUR" instance=ExtResource( 1 )]

[node name="CollisionShape" type="CollisionShape" parent="Graphics/Armature/Skeleton/LegUR/HitBox"]
transform = Transform( 0.0808067, 0, 3.72529e-09, -2.79397e-09, -1.02445e-08, 0.0719067, 1.86265e-08, -0.0719068, -1.39698e-08, 0.0247416, 0.194341, 1.49012e-07 )
shape = SubResource( 5 )

[node name="LegLL" type="BoneAttachment" parent="Graphics/Armature/Skeleton" index="6"]
transform = Transform( -0.996501, 0.083588, -4.43774e-05, -0.083588, -0.996501, -4.1998e-06, -4.4575e-05, -4.787e-07, 1, 0.151657, 0.466815, -0.00263768 )
bone_name = "lowerlegl"

[node name="HitBox" parent="Graphics/Armature/Skeleton/LegLL" instance=ExtResource( 1 )]

[node name="CollisionShape" type="CollisionShape" parent="Graphics/Armature/Skeleton/LegLL/HitBox"]
transform = Transform( 0.0808067, 0, 3.72529e-09, -2.79397e-09, -1.02445e-08, 0.0719067, 1.86265e-08, -0.0719068, -1.39698e-08, 0.0247416, 0.194341, 1.49012e-07 )
shape = SubResource( 5 )

[node name="LegLR" type="BoneAttachment" parent="Graphics/Armature/Skeleton" index="7"]
transform = Transform( -0.994342, -0.106233, -0.000489221, 0.106233, -0.994303, -0.00877573, 0.000445843, -0.0087781, 0.999964, -0.151657, 0.466815, -0.00263768 )
bone_name = "lowerlegr"

[node name="HitBox" parent="Graphics/Armature/Skeleton/LegLR" instance=ExtResource( 1 )]

[node name="CollisionShape" type="CollisionShape" parent="Graphics/Armature/Skeleton/LegLR/HitBox"]
transform = Transform( 0.0808067, 0, 3.72529e-09, -2.79397e-09, -1.02445e-08, 0.0719067, 1.86265e-08, -0.0719068, -1.39698e-08, 0.0247416, 0.194341, 1.49012e-07 )
shape = SubResource( 5 )

[node name="Hip" type="BoneAttachment" parent="Graphics/Armature/Skeleton" index="8"]
transform = Transform( 1, -1.77636e-15, 1.22878e-07, 2.52422e-08, 0.978673, -0.205425, -1.20257e-07, 0.205425, 0.978673, 2.84689e-18, 0.948998, -0.0952436 )
bone_name = "hip"

[node name="HitBox" parent="Graphics/Armature/Skeleton/Hip" instance=ExtResource( 1 )]

[node name="CollisionShape" type="CollisionShape" parent="Graphics/Armature/Skeleton/Hip/HitBox"]
transform = Transform( 0.185544, 0, 8.55383e-09, -6.41538e-09, -2.3523e-08, 0.165109, 4.27692e-08, -0.165109, -3.20769e-08, -0.00536944, 0.120871, 1.49012e-07 )
shape = SubResource( 6 )

[node name="Body" type="BoneAttachment" parent="Graphics/Armature/Skeleton" index="9"]
transform = Transform( 0.999986, -0.00534993, 1.09653e-05, 0.00534746, 0.999582, 0.0283942, -0.000162868, -0.0283937, 0.999597, 3.09573e-15, 1.20205, -0.0421269 )
bone_name = "body"

[node name="HitBox" parent="Graphics/Armature/Skeleton/Body" instance=ExtResource( 1 )]

[node name="CollisionShape" type="CollisionShape" parent="Graphics/Armature/Skeleton/Body/HitBox"]
transform = Transform( 0.185544, 8.72548e-09, 1.16377e-08, -1.14072e-08, 0.0123186, 0.300648, 4.29054e-08, -0.20164, -0.0123187, -0.00536946, 0.279064, 0.0951912 )
shape = SubResource( 7 )

[node name="HitBox2" parent="Graphics/Armature/Skeleton/Body" instance=ExtResource( 1 )]
transform = Transform( 1, -3.55271e-15, -1.42109e-14, 0, 1, 0, 0, 0, 1, 0, 0, 0 )
weak_spot = true

[node name="CollisionShape" type="CollisionShape" parent="Graphics/Armature/Skeleton/Body/HitBox2"]
transform = Transform( 0.105609, 3.99075e-08, -2.56077e-08, 4.07887e-08, -0.106938, 0.0218442, -1.06928e-08, -0.0137741, -0.169592, -0.00536966, 0.639033, 0.221057 )
shape = SubResource( 12 )

[node name="AnimationPlayer" parent="Graphics" index="1"]
autoplay = "idle_loop"

[node name="CollisionShape" type="CollisionShape" parent="."]
transform = Transform( 1, 0, 0, 0, -4.37114e-08, 1, 0, -1, -4.37114e-08, 0, 1, -4.37114e-08 )
shape = SubResource( 1 )

[node name="HealthManager" parent="." instance=ExtResource( 4 )]
transform = Transform( 1, 0, 0, 0, 1, 0, 0, 0, 1, 0, 1.45651, 0 )
max_health = 30
gib_at = -2

[node name="CharacterMover" parent="." instance=ExtResource( 5 )]
move_accel = 2
max_speed = 10
ignore_rotation = true

[node name="AimAtObject" type="Spatial" parent="."]
transform = Transform( 1, 0, 0, 0, 1, 0, 0, 0, 1, 0, 1, 0.425278 )
script = ExtResource( 7 )

[node name="FireballSpawner" parent="AimAtObject" instance=ExtResource( 6 )]
transform = Transform( -1, 0, -8.74228e-08, 0, 1, 0, 8.74228e-08, 0, -1, 1.70284e-08, 0, 0.194782 )
damage = 17

[node name="DeathSound" type="AudioStreamPlayer" parent="."]
stream = ExtResource( 8 )
bus = "SFX"

[node name="Chase" type="AudioStreamPlayer" parent="."]
stream = ExtResource( 9 )
bus = "ENEMYSFX"

[node name="attack" type="AudioStreamPlayer" parent="."]
stream = ExtResource( 11 )
volume_db = 6.991
pitch_scale = 0.75
bus = "SFX"

[connection signal="chase" from="." to="Chase" method="play" flags=6]
[connection signal="dead" from="HealthManager" to="DeathSound" method="play"]

[editable path="Graphics"]
